# board

c 0.5 0.8 0.2 1.0
c 0.4 0.7 0.2 1.0
c 0.2 0.3 0.4 1.0

v -20.0  0.0 -20.0 0
v -20.0  0.0 -16.0 0
v -16.0  0.0 -16.0 0
v -16.0  0.0 -20.0 0
v -16.0  0.0 -20.0 1
v -16.0  0.0 -16.0 1
v -12.0  0.0 -16.0 1
v -12.0  0.0 -20.0 1
v -12.0  0.0 -20.0 0
v -12.0  0.0 -16.0 0
v  -8.0  0.0 -16.0 0
v  -8.0  0.0 -20.0 0
v  -8.0  0.0 -20.0 1
v  -8.0  0.0 -16.0 1
v  -4.0  0.0 -16.0 1
v  -4.0  0.0 -20.0 1
v  -4.0  0.0 -20.0 0
v  -4.0  0.0 -16.0 0
v   0.0  0.0 -16.0 0
v   0.0  0.0 -20.0 0
v   0.0  0.0 -20.0 1
v   0.0  0.0 -16.0 1
v   4.0  0.0 -16.0 1
v   4.0  0.0 -20.0 1
v   4.0  0.0 -20.0 0
v   4.0  0.0 -16.0 0
v   8.0  0.0 -16.0 0
v   8.0  0.0 -20.0 0
v   8.0  0.0 -20.0 1
v   8.0  0.0 -16.0 1
v  12.0  0.0 -16.0 1
v  12.0  0.0 -20.0 1
v  12.0  0.0 -20.0 0
v  12.0  0.0 -16.0 0
v  16.0  0.0 -16.0 0
v  16.0  0.0 -20.0 0
v  16.0  0.0 -20.0 1
v  16.0  0.0 -16.0 1
v  20.0  0.0 -16.0 1
v  20.0  0.0 -20.0 1
v -20.0  0.0 -16.0 1
v -20.0  0.0 -12.0 1
v -16.0  0.0 -12.0 1
v -16.0  0.0 -16.0 1
v -16.0  0.0 -16.0 0
v -16.0  0.0 -12.0 0
v -12.0  0.0 -12.0 0
v -12.0  0.0 -16.0 0
v -12.0  0.0 -16.0 1
v -12.0  0.0 -12.0 1
v  -8.0  0.0 -12.0 1
v  -8.0  0.0 -16.0 1
v  -8.0  0.0 -16.0 0
v  -8.0  0.0 -12.0 0
v  -4.0  0.0 -12.0 0
v  -4.0  0.0 -16.0 0
v  -4.0  0.0 -16.0 1
v  -4.0  0.0 -12.0 1
v   0.0  0.0 -12.0 1
v   0.0  0.0 -16.0 1
v   0.0  0.0 -16.0 0
v   0.0  0.0 -12.0 0
v   4.0  0.0 -12.0 0
v   4.0  0.0 -16.0 0
v   4.0  0.0 -16.0 1
v   4.0  0.0 -12.0 1
v   8.0  0.0 -12.0 1
v   8.0  0.0 -16.0 1
v   8.0  0.0 -16.0 0
v   8.0  0.0 -12.0 0
v  12.0  0.0 -12.0 0
v  12.0  0.0 -16.0 0
v  12.0  0.0 -16.0 1
v  12.0  0.0 -12.0 1
v  16.0  0.0 -12.0 1
v  16.0  0.0 -16.0 1
v  16.0  0.0 -16.0 0
v  16.0  0.0 -12.0 0
v  20.0  0.0 -12.0 0
v  20.0  0.0 -16.0 0
v -20.0  0.0 -12.0 0
v -20.0  0.0  -8.0 0
v -16.0  0.0  -8.0 0
v -16.0  0.0 -12.0 0
v -16.0  0.0 -12.0 1
v -16.0  0.0  -8.0 1
v -12.0  0.0  -8.0 1
v -12.0  0.0 -12.0 1
v -12.0  0.0 -12.0 0
v -12.0  0.0  -8.0 0
v  -8.0  0.0  -8.0 0
v  -8.0  0.0 -12.0 0
v  -8.0  0.0 -12.0 1
v  -8.0  0.0  -8.0 1
v  -4.0  0.0  -8.0 1
v  -4.0  0.0 -12.0 1
v  -4.0  0.0 -12.0 0
v  -4.0  0.0  -8.0 0
v   0.0  0.0  -8.0 0
v   0.0  0.0 -12.0 0
v   0.0  0.0 -12.0 1
v   0.0  0.0  -8.0 1
v   4.0  0.0  -8.0 1
v   4.0  0.0 -12.0 1
v   4.0  0.0 -12.0 0
v   4.0  0.0  -8.0 0
v   8.0  0.0  -8.0 0
v   8.0  0.0 -12.0 0
v   8.0  0.0 -12.0 1
v   8.0  0.0  -8.0 1
v  12.0  0.0  -8.0 1
v  12.0  0.0 -12.0 1
v  12.0  0.0 -12.0 0
v  12.0  0.0  -8.0 0
v  16.0  0.0  -8.0 0
v  16.0  0.0 -12.0 0
v  16.0  0.0 -12.0 1
v  16.0  0.0  -8.0 1
v  20.0  0.0  -8.0 1
v  20.0  0.0 -12.0 1
v -20.0  0.0  -8.0 1
v -20.0  0.0  -4.0 1
v -16.0  0.0  -4.0 1
v -16.0  0.0  -8.0 1
v -16.0  0.0  -8.0 0
v -16.0  0.0  -4.0 0
v -12.0  0.0  -4.0 0
v -12.0  0.0  -8.0 0
v -12.0  0.0  -8.0 1
v -12.0  0.0  -4.0 1
v  -8.0  0.0  -4.0 1
v  -8.0  0.0  -8.0 1
v  -8.0  0.0  -8.0 0
v  -8.0  0.0  -4.0 0
v  -4.0  0.0  -4.0 0
v  -4.0  0.0  -8.0 0
v  -4.0  0.0  -8.0 1
v  -4.0  0.0  -4.0 1
v   0.0  0.0  -4.0 1
v   0.0  0.0  -8.0 1
v   0.0  0.0  -8.0 0
v   0.0  0.0  -4.0 0
v   4.0  0.0  -4.0 0
v   4.0  0.0  -8.0 0
v   4.0  0.0  -8.0 1
v   4.0  0.0  -4.0 1
v   8.0  0.0  -4.0 1
v   8.0  0.0  -8.0 1
v   8.0  0.0  -8.0 0
v   8.0  0.0  -4.0 0
v  12.0  0.0  -4.0 0
v  12.0  0.0  -8.0 0
v  12.0  0.0  -8.0 1
v  12.0  0.0  -4.0 1
v  16.0  0.0  -4.0 1
v  16.0  0.0  -8.0 1
v  16.0  0.0  -8.0 0
v  16.0  0.0  -4.0 0
v  20.0  0.0  -4.0 0
v  20.0  0.0  -8.0 0
v -20.0  0.0  -4.0 0
v -20.0  0.0   0.0 0
v -16.0  0.0   0.0 0
v -16.0  0.0  -4.0 0
v -16.0  0.0  -4.0 1
v -16.0  0.0   0.0 1
v -12.0  0.0   0.0 1
v -12.0  0.0  -4.0 1
v -12.0  0.0  -4.0 0
v -12.0  0.0   0.0 0
v  -8.0  0.0   0.0 0
v  -8.0  0.0  -4.0 0
v  -8.0  0.0  -4.0 1
v  -8.0  0.0   0.0 1
v  -4.0  0.0   0.0 1
v  -4.0  0.0  -4.0 1
v  -4.0  0.0  -4.0 0
v  -4.0  0.0   0.0 0
v   0.0  0.0   0.0 0
v   0.0  0.0  -4.0 0
v   0.0  0.0  -4.0 1
v   0.0  0.0   0.0 1
v   4.0  0.0   0.0 1
v   4.0  0.0  -4.0 1
v   4.0  0.0  -4.0 0
v   4.0  0.0   0.0 0
v   8.0  0.0   0.0 0
v   8.0  0.0  -4.0 0
v   8.0  0.0  -4.0 1
v   8.0  0.0   0.0 1
v  12.0  0.0   0.0 1
v  12.0  0.0  -4.0 1
v  12.0  0.0  -4.0 0
v  12.0  0.0   0.0 0
v  16.0  0.0   0.0 0
v  16.0  0.0  -4.0 0
v  16.0  0.0  -4.0 1
v  16.0  0.0   0.0 1
v  20.0  0.0   0.0 1
v  20.0  0.0  -4.0 1
v -20.0  0.0   0.0 1
v -20.0  0.0   4.0 1
v -16.0  0.0   4.0 1
v -16.0  0.0   0.0 1
v -16.0  0.0   0.0 0
v -16.0  0.0   4.0 0
v -12.0  0.0   4.0 0
v -12.0  0.0   0.0 0
v -12.0  0.0   0.0 1
v -12.0  0.0   4.0 1
v  -8.0  0.0   4.0 1
v  -8.0  0.0   0.0 1
v  -8.0  0.0   0.0 0
v  -8.0  0.0   4.0 0
v  -4.0  0.0   4.0 0
v  -4.0  0.0   0.0 0
v  -4.0  0.0   0.0 1
v  -4.0  0.0   4.0 1
v   0.0  0.0   4.0 1
v   0.0  0.0   0.0 1
v   0.0  0.0   0.0 0
v   0.0  0.0   4.0 0
v   4.0  0.0   4.0 0
v   4.0  0.0   0.0 0
v   4.0  0.0   0.0 1
v   4.0  0.0   4.0 1
v   8.0  0.0   4.0 1
v   8.0  0.0   0.0 1
v   8.0  0.0   0.0 0
v   8.0  0.0   4.0 0
v  12.0  0.0   4.0 0
v  12.0  0.0   0.0 0
v  12.0  0.0   0.0 1
v  12.0  0.0   4.0 1
v  16.0  0.0   4.0 1
v  16.0  0.0   0.0 1
v  16.0  0.0   0.0 0
v  16.0  0.0   4.0 0
v  20.0  0.0   4.0 0
v  20.0  0.0   0.0 0
v -20.0  0.0   4.0 0
v -20.0  0.0   8.0 0
v -16.0  0.0   8.0 0
v -16.0  0.0   4.0 0
v -16.0  0.0   4.0 1
v -16.0  0.0   8.0 1
v -12.0  0.0   8.0 1
v -12.0  0.0   4.0 1
v -12.0  0.0   4.0 0
v -12.0  0.0   8.0 0
v  -8.0  0.0   8.0 0
v  -8.0  0.0   4.0 0
v  -8.0  0.0   4.0 1
v  -8.0  0.0   8.0 1
v  -4.0  0.0   8.0 1
v  -4.0  0.0   4.0 1
v  -4.0  0.0   4.0 0
v  -4.0  0.0   8.0 0
v   0.0  0.0   8.0 0
v   0.0  0.0   4.0 0
v   0.0  0.0   4.0 1
v   0.0  0.0   8.0 1
v   4.0  0.0   8.0 1
v   4.0  0.0   4.0 1
v   4.0  0.0   4.0 0
v   4.0  0.0   8.0 0
v   8.0  0.0   8.0 0
v   8.0  0.0   4.0 0
v   8.0  0.0   4.0 1
v   8.0  0.0   8.0 1
v  12.0  0.0   8.0 1
v  12.0  0.0   4.0 1
v  12.0  0.0   4.0 0
v  12.0  0.0   8.0 0
v  16.0  0.0   8.0 0
v  16.0  0.0   4.0 0
v  16.0  0.0   4.0 1
v  16.0  0.0   8.0 1
v  20.0  0.0   8.0 1
v  20.0  0.0   4.0 1
v -20.0  0.0   8.0 1
v -20.0  0.0  12.0 1
v -16.0  0.0  12.0 1
v -16.0  0.0   8.0 1
v -16.0  0.0   8.0 0
v -16.0  0.0  12.0 0
v -12.0  0.0  12.0 0
v -12.0  0.0   8.0 0
v -12.0  0.0   8.0 1
v -12.0  0.0  12.0 1
v  -8.0  0.0  12.0 1
v  -8.0  0.0   8.0 1
v  -8.0  0.0   8.0 0
v  -8.0  0.0  12.0 0
v  -4.0  0.0  12.0 0
v  -4.0  0.0   8.0 0
v  -4.0  0.0   8.0 1
v  -4.0  0.0  12.0 1
v   0.0  0.0  12.0 1
v   0.0  0.0   8.0 1
v   0.0  0.0   8.0 0
v   0.0  0.0  12.0 0
v   4.0  0.0  12.0 0
v   4.0  0.0   8.0 0
v   4.0  0.0   8.0 1
v   4.0  0.0  12.0 1
v   8.0  0.0  12.0 1
v   8.0  0.0   8.0 1
v   8.0  0.0   8.0 0
v   8.0  0.0  12.0 0
v  12.0  0.0  12.0 0
v  12.0  0.0   8.0 0
v  12.0  0.0   8.0 1
v  12.0  0.0  12.0 1
v  16.0  0.0  12.0 1
v  16.0  0.0   8.0 1
v  16.0  0.0   8.0 0
v  16.0  0.0  12.0 0
v  20.0  0.0  12.0 0
v  20.0  0.0   8.0 0
v -20.0  0.0  12.0 0
v -20.0  0.0  16.0 0
v -16.0  0.0  16.0 0
v -16.0  0.0  12.0 0
v -16.0  0.0  12.0 1
v -16.0  0.0  16.0 1
v -12.0  0.0  16.0 1
v -12.0  0.0  12.0 1
v -12.0  0.0  12.0 0
v -12.0  0.0  16.0 0
v  -8.0  0.0  16.0 0
v  -8.0  0.0  12.0 0
v  -8.0  0.0  12.0 1
v  -8.0  0.0  16.0 1
v  -4.0  0.0  16.0 1
v  -4.0  0.0  12.0 1
v  -4.0  0.0  12.0 0
v  -4.0  0.0  16.0 0
v   0.0  0.0  16.0 0
v   0.0  0.0  12.0 0
v   0.0  0.0  12.0 1
v   0.0  0.0  16.0 1
v   4.0  0.0  16.0 1
v   4.0  0.0  12.0 1
v   4.0  0.0  12.0 0
v   4.0  0.0  16.0 0
v   8.0  0.0  16.0 0
v   8.0  0.0  12.0 0
v   8.0  0.0  12.0 1
v   8.0  0.0  16.0 1
v  12.0  0.0  16.0 1
v  12.0  0.0  12.0 1
v  12.0  0.0  12.0 0
v  12.0  0.0  16.0 0
v  16.0  0.0  16.0 0
v  16.0  0.0  12.0 0
v  16.0  0.0  12.0 1
v  16.0  0.0  16.0 1
v  20.0  0.0  16.0 1
v  20.0  0.0  12.0 1
v -20.0  0.0  16.0 1
v -20.0  0.0  20.0 1
v -16.0  0.0  20.0 1
v -16.0  0.0  16.0 1
v -16.0  0.0  16.0 0
v -16.0  0.0  20.0 0
v -12.0  0.0  20.0 0
v -12.0  0.0  16.0 0
v -12.0  0.0  16.0 1
v -12.0  0.0  20.0 1
v  -8.0  0.0  20.0 1
v  -8.0  0.0  16.0 1
v  -8.0  0.0  16.0 0
v  -8.0  0.0  20.0 0
v  -4.0  0.0  20.0 0
v  -4.0  0.0  16.0 0
v  -4.0  0.0  16.0 1
v  -4.0  0.0  20.0 1
v   0.0  0.0  20.0 1
v   0.0  0.0  16.0 1
v   0.0  0.0  16.0 0
v   0.0  0.0  20.0 0
v   4.0  0.0  20.0 0
v   4.0  0.0  16.0 0
v   4.0  0.0  16.0 1
v   4.0  0.0  20.0 1
v   8.0  0.0  20.0 1
v   8.0  0.0  16.0 1
v   8.0  0.0  16.0 0
v   8.0  0.0  20.0 0
v  12.0  0.0  20.0 0
v  12.0  0.0  16.0 0
v  12.0  0.0  16.0 1
v  12.0  0.0  20.0 1
v  16.0  0.0  20.0 1
v  16.0  0.0  16.0 1
v  16.0  0.0  16.0 0
v  16.0  0.0  20.0 0
v  20.0  0.0  20.0 0
v  20.0  0.0  16.0 0

v -20.0  0.0 -20.0 2
v -20.0  0.0  20.0 2
v  20.0  0.0  20.0 2
v  20.0  0.0 -20.0 2
v -21.0 -0.5 -21.0 2
v -21.0 -0.5  21.0 2
v  21.0 -0.5  21.0 2
v  21.0 -0.5 -21.0 2
v -21.0 -1.0 -21.0 2
v -21.0 -1.0  21.0 2
v  21.0 -1.0  21.0 2
v  21.0 -1.0 -21.0 2

f 000 001 002
f 002 003 000
f 004 005 006
f 006 007 004
f 008 009 010
f 010 011 008
f 012 013 014
f 014 015 012
f 016 017 018
f 018 019 016
f 020 021 022
f 022 023 020
f 024 025 026
f 026 027 024
f 028 029 030
f 030 031 028
f 032 033 034
f 034 035 032
f 036 037 038
f 038 039 036
f 040 041 042
f 042 043 040
f 044 045 046
f 046 047 044
f 048 049 050
f 050 051 048
f 052 053 054
f 054 055 052
f 056 057 058
f 058 059 056
f 060 061 062
f 062 063 060
f 064 065 066
f 066 067 064
f 068 069 070
f 070 071 068
f 072 073 074
f 074 075 072
f 076 077 078
f 078 079 076
f 080 081 082
f 082 083 080
f 084 085 086
f 086 087 084
f 088 089 090
f 090 091 088
f 092 093 094
f 094 095 092
f 096 097 098
f 098 099 096
f 100 101 102
f 102 103 100
f 104 105 106
f 106 107 104
f 108 109 110
f 110 111 108
f 112 113 114
f 114 115 112
f 116 117 118
f 118 119 116
f 120 121 122
f 122 123 120
f 124 125 126
f 126 127 124
f 128 129 130
f 130 131 128
f 132 133 134
f 134 135 132
f 136 137 138
f 138 139 136
f 140 141 142
f 142 143 140
f 144 145 146
f 146 147 144
f 148 149 150
f 150 151 148
f 152 153 154
f 154 155 152
f 156 157 158
f 158 159 156
f 160 161 162
f 162 163 160
f 164 165 166
f 166 167 164
f 168 169 170
f 170 171 168
f 172 173 174
f 174 175 172
f 176 177 178
f 178 179 176
f 180 181 182
f 182 183 180
f 184 185 186
f 186 187 184
f 188 189 190
f 190 191 188
f 192 193 194
f 194 195 192
f 196 197 198
f 198 199 196
f 200 201 202
f 202 203 200
f 204 205 206
f 206 207 204
f 208 209 210
f 210 211 208
f 212 213 214
f 214 215 212
f 216 217 218
f 218 219 216
f 220 221 222
f 222 223 220
f 224 225 226
f 226 227 224
f 228 229 230
f 230 231 228
f 232 233 234
f 234 235 232
f 236 237 238
f 238 239 236
f 240 241 242
f 242 243 240
f 244 245 246
f 246 247 244
f 248 249 250
f 250 251 248
f 252 253 254
f 254 255 252
f 256 257 258
f 258 259 256
f 260 261 262
f 262 263 260
f 264 265 266
f 266 267 264
f 268 269 270
f 270 271 268
f 272 273 274
f 274 275 272
f 276 277 278
f 278 279 276
f 280 281 282
f 282 283 280
f 284 285 286
f 286 287 284
f 288 289 290
f 290 291 288
f 292 293 294
f 294 295 292
f 296 297 298
f 298 299 296
f 300 301 302
f 302 303 300
f 304 305 306
f 306 307 304
f 308 309 310
f 310 311 308
f 312 313 314
f 314 315 312
f 316 317 318
f 318 319 316
f 320 321 322
f 322 323 320
f 324 325 326
f 326 327 324
f 328 329 330
f 330 331 328
f 332 333 334
f 334 335 332
f 336 337 338
f 338 339 336
f 340 341 342
f 342 343 340
f 344 345 346
f 346 347 344
f 348 349 350
f 350 351 348
f 352 353 354
f 354 355 352
f 356 357 358
f 358 359 356
f 360 361 362
f 362 363 360
f 364 365 366
f 366 367 364
f 368 369 370
f 370 371 368
f 372 373 374
f 374 375 372
f 376 377 378
f 378 379 376
f 380 381 382
f 382 383 380
f 384 385 386
f 386 387 384
f 388 389 390
f 390 391 388
f 392 393 394
f 394 395 392
f 396 397 398
f 398 399 396

f 400 404 405
f 405 401 400
f 401 405 406
f 406 402 401
f 402 406 407
f 407 403 402
f 403 407 404
f 404 400 403
f 404 408 409
f 409 405 404
f 405 409 410
f 410 406 405
f 406 410 411
f 411 407 406
f 407 411 408
f 408 404 407
f 408 411 410
f 410 409 408